1563865

1081145

930698


468378



154089



133789
3429340


3315553
98023


413190
189016


82667



206407


2221945
139944




1639303

199119
199119





391874


233006




6111414
620184

153

206691

122640



86329

1930472



874427
360525







122334
122334

355009




2275176

647391





114686


695419
304493

231428

75227

315699


914132
237258

562273
562273
562273
435225

237178


114786
114786


114601


3073080
281856
281856

918778

116037
9898

106139




25386


65905

159108



627829
457371

272601




673699



289942





12962
236171

7961240
115025


1094042


505158



189142

168413
117317

51096




5966679
162595



205497





1358638

298254







3479952
3015394
2788399

267212

272051


261487


1289346
569823



67448

394732


257343




156769

318540


146018

266721
266721

298359
298359


17665203
2691979
1273742
985873
73382

527140




14685

153762



77678

287869



1352063
40452


20765


582278
398353







39232
39232

254974



253798


3931015

1233693
233112


251070


83639





790752





237288



1199273
549173


54421

35024
35024


29178




150311


103547
103547


243844
243844
243844

3650121
2049487

1734729


131886
131886

653019

490093

190415

240922


271827



344804




651384
359952


212716




549269




6864479
3055563

20370


1109381
482520


202107



140697


391530


142651
142651

264547




130998


208744


1965365

23734

351711



1152234
931903
581421
447367


134054


113707


220331
220331


1444864
81199





395466




288622
225761

62861

189943

43248
43248















